"title": "ST 13 Bis"
"coordinates":  [[48.66433,6.15851],[48.66436,6.1586],[48.66431,6.15864],[48.66428,6.15855]]


"title": "ST 13"
"coordinates":  [[48.66427,6.15868],[48.66431,6.15864],[48.66428,6.15855],[48.66422,6.15861]]


"title": "ST12"
"coordinates":  [[48.66427,6.15869],[48.66424,6.15871],[48.66423,6.15874],[48.66418,6.15868],[48.66422,6.15861]]

"title": "ST 11"
"coordinates":  [[48.66419,6.1588],[48.66423,6.15874],[48.66418,6.15868],[48.66414,6.15876]]

"title": "ST 10 GMD"
"coordinates":  [[48.6641,6.15885],[48.66413,6.15876],[48.66419,6.15881],[48.66417,6.15888]]



"title": "ST 9 GMD"
"coordinates":  [[48.66415,6.15896],[48.66409,6.15894],[48.6641,6.15885],[48.66417,6.15888]]


"title": "ST 08 GMC"
"coordinates":  [[48.66408,6.15914],[48.66408,6.15903],[48.66409,6.15894],[48.66415,6.15896],[48.66414,6.15904],[48.66414,6.15913]]


"title": "ST 07 GMB"
"coordinates":  [[48.66411,6.15933],[48.66409,6.15924],[48.66408,6.15915],[48.66414,6.15913],[48.66415,6.15921],[48.66417,6.15929]]


"title": "ST 06 GM2"
"coordinates":  [[48.66419,6.15937],[48.66414,6.15942],[48.66411,6.15933],[48.66417,6.15929]]

"title": "ST 05 GM1"
"coordinates":  [[48.66418,6.15949],[48.66422,6.15943],[48.66419,6.15937],[48.66414,6.15942]]

"title": "ST 04 GMA"
"coordinates":  [[48.66428,6.15961],[48.66431,6.15954],[48.66427,6.15949],[48.66423,6.15943],[48.66418,6.15949],[48.66423,6.15956]]

"title": "ST 03"
"coordinates":  [[48.66434,6.15965],[48.66428,6.15961],[48.66431,6.15954],[48.66436,6.15957]]

"title": "ST 02"
"coordinates":  [[48.66441,6.15968],[48.66434,6.15965],[48.66436,6.15957],[48.66442,6.15959]]


"title": "ST 01"
"coordinates":  [[48.66454,6.15968],[48.66453,6.15959],[48.66447,6.15959],[48.66442,6.15959],[48.66441,6.15968],[48.66447,6.15969]]

"title": "AMPHI8"
"coordinates":  [[48.66526,6.15884],[48.66502,6.15892],[48.665,6.15899],[48.66502,6.15912],[48.66504,6.15916],[48.66505,6.15915],[48.66507,6.15916],[48.6652,6.15912]]

"title": "AMPHI7"
"coordinates":  [[48.6652,6.1583],[48.66515,6.15821],[48.6651,6.15813],[48.66503,6.15823],[48.66511,6.15839]]

"title": "AMPHI6"
"coordinates":  [[48.66479,6.15787],[48.6647,6.15772],[48.66467,6.15783],[48.66468,6.15783],[48.66467,6.15792],[48.66471,6.15794],[48.66476,6.15796],[48.66477,6.15789]]

"title": "AMPHI5"
"coordinates":  [[48.66462,6.15772],[48.6645,6.15751],[48.66438,6.15769],[48.66436,6.15774],[48.66437,6.15779],[48.6644,6.15788],[48.66443,6.15788],[48.66449,6.15788],[48.66452,6.15788]]

"title": "ST 33"
"coordinates":  [[48.66476,6.15878],[48.66481,6.15872],[48.66484,6.1588],[48.66478,6.15885]]

"title": "ST 32"
"coordinates":  [[48.66476,6.15864],[48.66472,6.15872],[48.66476,6.15878],[48.66481,6.15872]]

"title": "ST 31"
"coordinates":  [[48.66468,6.15868],[48.66472,6.15858],[48.66476,6.15864],[48.66472,6.15872]]

"title": "ST 30"
"coordinates":  [[48.66463,6.15863],[48.66466,6.15853],[48.66472,6.15858],[48.66468,6.15868]]

"title": "ST 17"
"coordinates":  [[48.66453,6.15858],[48.66458,6.1586],[48.6646,6.15848],[48.66453,6.15846]]

"title": "ST 34"
"coordinates":  [[48.6648,6.15892],[48.66478,6.15885],[48.66484,6.1588],[48.66487,6.15889]]

"title": "ST 22"
"coordinates":  [[48.6648,6.15893],[48.66478,6.15885],[48.66484,6.1588],[48.66487,6.15889]]

"title": "ST 21"
"coordinates":  [[48.66475,6.15878],[48.66481,6.15872],[48.66484,6.1588],[48.66478,6.15885]]

"title": "ST 20 BIS"
"coordinates":  [[48.66476,6.15864],[48.66472,6.15872],[48.66475,6.15878],[48.66481,6.15872]]

"title": "ST 20"
"coordinates":  [[48.66468,6.15867],[48.66472,6.15858],[48.66476,6.15864],[48.66472,6.15872]]

"title": "ST 19"
"coordinates":  [[48.66463,6.15863],[48.66466,6.15853],[48.66472,6.15858],[48.66468,6.15868]]

"title": "ST 29"
"coordinates":  [[48.66463,6.15863],[48.66458,6.1586],[48.6646,6.15849],[48.66466,6.15853]]

"title": "ST 18"
"coordinates":  [[48.66463,6.15863],[48.66458,6.1586],[48.6646,6.15848],[48.66467,6.15851]]

"title": "ST 16"
"coordinates":  [[48.66453,6.15858],[48.66447,6.15858],[48.66447,6.15845],[48.66453,6.15846]]

"title": "ST 15"
"coordinates":  [[48.66441,6.15859],[48.66447,6.15858],[48.66447,6.15845],[48.6644,6.15847]]

"title": "Bureau Régulateur"
"coordinates":  [[48.66436,6.1586],[48.66434,6.15851],[48.6644,6.15848],[48.66441,6.15859]]
  
"title": "TP 20-1"
"coordinates":  [[48.66425,6.1597],[48.66418,6.1599],[48.66427,6.15996],[48.66432,6.15974]]

"title": "TP 20-2"
"coordinates":  [[48.66425,6.16005],[48.66415,6.15999],[48.66418,6.1599],[48.66427,6.15996]]

"title": "TP 18"
"coordinates":  [[48.6644,6.15977],[48.66437,6.16],[48.66432,6.15999],[48.66427,6.15996],[48.66432,6.15974],[48.66435,6.15976]]

"title": "TP 19"
"coordinates":  [[48.66427,6.16006],[48.66429,6.15997],[48.66433,6.15999],[48.66437,6.16],[48.66436,6.16009],[48.66431,6.16008]]

"title": "TP 16"
"coordinates":  [[48.66447,6.16001],[48.66442,6.16001],[48.66437,6.16],[48.6644,6.15977],[48.66444,6.15978],[48.66448,6.15978]]

"title": "TP 17"
"coordinates":  [[48.66436,6.16009],[48.66441,6.1601],[48.66447,6.1601],[48.66447,6.16001],[48.66442,6.16001],[48.66437,6.16]]

"title": "TP 22"
"coordinates":  [[48.66419,6.15964],[48.66413,6.15976],[48.66406,6.15966],[48.66413,6.15956]]

"title": "TP 23"
"coordinates":  [[48.66405,6.1599],[48.66401,6.15985],[48.66397,6.15979],[48.66405,6.15967],[48.66412,6.15977]]

"title": "TP 25-1"
"coordinates":  [[48.66409,6.15948],[48.66396,6.1596],[48.664,6.15969],[48.66395,6.15975],[48.66397,6.15979],[48.66402,6.15972],[48.66413,6.15956]]

"title": "TP 25-2"
"coordinates":  [[48.6639,6.15965],[48.66392,6.15971],[48.66394,6.15974],[48.66395,6.15975],[48.664,6.15969],[48.66396,6.1596]]

"title": "TP 26"
"coordinates":  [[48.66404,6.15937],[48.66409,6.15948],[48.66401,6.15955],[48.66396,6.15942]]

"title": "TP 27"
"coordinates":  [[48.66385,6.1595],[48.66387,6.15958],[48.6639,6.15965],[48.664,6.15956],[48.66395,6.15943]]

"title": "TP 29"
"coordinates":  [[48.66379,6.15918],[48.664,6.15915],[48.66401,6.15902],[48.66386,6.15901],[48.66379,6.15901],[48.66379,6.15908]]

"title": "TP 30"
"coordinates":  [[48.66402,6.15891],[48.66387,6.15886],[48.66381,6.15884],[48.6638,6.15891],[48.66379,6.15901],[48.66401,6.15902]]

"title": "TP 31"
"coordinates":  [[48.66404,6.1588],[48.66395,6.15874],[48.66385,6.15868],[48.66383,6.15875],[48.66381,6.15884],[48.66402,6.15891]]

"title": "TP 32"
"coordinates":  [[48.66407,6.1587],[48.66395,6.15858],[48.66401,6.15845],[48.66412,6.15861],[48.6641,6.15865]]

"title": "TP Culture Cellulaire"
"coordinates":  [[48.66397,6.15839],[48.66393,6.15846],[48.6639,6.15853],[48.66395,6.15858],[48.66401,6.15845]]

"title": "TP 33"
"coordinates":  [[48.66418,6.15852],[48.66408,6.15835],[48.66405,6.15829],[48.664,6.15834],[48.66397,6.15839],[48.66401,6.15845],[48.66412,6.1586]]

"title": "TP 34"
"coordinates":  [[48.66414,6.15818],[48.66425,6.15845],[48.66421,6.15848],[48.66418,6.15852],[48.66405,6.15828]]

"title": "TP 35"
"coordinates":  [[48.66431,6.1584],[48.66425,6.15845],[48.66414,6.15818],[48.66424,6.15811]] 

"title": "ST 26"
"coordinates":  [[48.66433,6.15851],[48.66436,6.1586],[48.66431,6.15864],[48.66428,6.15855]]

"title": "ST 25"
"coordinates":  [[48.66427,6.15868],[48.66431,6.15864],[48.66428,6.15855],[48.66422,6.15861]]

"title": "ST 24"
"coordinates":  [[48.66427,6.15869],[48.66424,6.15871],[48.66423,6.15874],[48.66418,6.15868],[48.66422,6.15861]]

"title": "ST 23"
"coordinates":  [[48.66419,6.1588],[48.66423,6.15874],[48.66418,6.15868],[48.66414,6.15876]]







"title": "TP35 Bis"
"coordinates":  [[48.6642,6.15795],[48.66423,6.15808],[48.66418,6.15812],[48.66413,6.15816],[48.66408,6.15803]]

"title": "TP33 Bis"
"coordinates":  [[48.66413,6.15816],[48.66408,6.15803],[48.66397,6.15815],[48.66404,6.15826],[48.66408,6.1582]]

"title": "TP31 Bis"
"coordinates":  [[48.66388,6.15852],[48.6638,6.15844],[48.66385,6.15835],[48.66388,6.15829],[48.66395,6.15838],[48.66392,6.15844]]

"title": "SC4"
"coordinates":  [[48.66386,6.15859],[48.66377,6.15854],[48.6638,6.15844],[48.66388,6.15852]]

"title": "SC4 Bis"
"coordinates":  [[48.66396,6.15866],[48.66394,6.15871],[48.66386,6.15866],[48.66387,6.1586],[48.6639,6.15862],[48.66391,6.15862],[48.66392,6.15863]]

"title": "TP Thermodynamique"
"coordinates":  [[48.66365,6.15878],[48.66363,6.15897],[48.66373,6.15898],[48.66374,6.15882]]

"title": "SC3"
"coordinates":  [[48.66375,6.15967],[48.66382,6.15961],[48.66379,6.15954],[48.66372,6.15959]]

"title": "SC3 Bis"
"coordinates":  [[48.66383,6.15951],[48.66386,6.15958],[48.66389,6.15965],[48.66385,6.15969],[48.66382,6.15961],[48.66379,6.15954]]

"title": "TP Biologie Animal"
"coordinates":  [[48.66391,6.15985],[48.66383,6.15997],[48.66386,6.16001],[48.66389,6.16005],[48.66394,6.16011],[48.66401,6.15999],[48.66398,6.15995],[48.66395,6.15991]]

"title": "Magasin Général"
"coordinates":  [[48.66442,6.16012],[48.66442,6.1602],[48.66439,6.16021],[48.66439,6.16027],[48.66438,6.16027],[48.66438,6.16029],[48.66438,6.16031],[48.66438,6.16031],[48.66439,6.16033],[48.66434,6.16036],[48.66433,6.16035],[48.66436,6.16011],[48.66439,6.16012]]

"title": "TP42"
"coordinates":  [[48.6652,6.1583],[48.66527,6.15848],[48.66511,6.1586],[48.66508,6.15853],[48.66505,6.15846]]

"title": "TP43"
"coordinates":  [[48.66515,6.15877],[48.66513,6.15868],[48.66511,6.1586],[48.66527,6.15848],[48.66532,6.15868]]

"title": "TP44"
"coordinates":  [[48.66515,6.15877],[48.66532,6.15868],[48.66533,6.15877],[48.66516,6.15882]]

"title": "SC9"
"coordinates":  [[48.66404,6.15866],[48.66408,6.1587],[48.66409,6.15866],[48.66411,6.15863],[48.66408,6.15859],[48.66406,6.15863]]

"title": "SC10"
"coordinates":  [[48.6639,6.15853],[48.66393,6.15846],[48.66397,6.15839],[48.66409,6.15856],[48.66404,6.15866]]

"title": "Hall Amphi 8"
"coordinates":  [[48.665,6.15883],[48.66491,6.15887],[48.66482,6.15892],[48.66483,6.15901],[48.66491,6.15899],[48.66492,6.15903],[48.66493,6.15904],[48.66495,6.15902],[48.66494,6.15896],[48.66501,6.15894],[48.66501,6.15892],[48.66517,6.15887],[48.66515,6.15876]]
